fileName imageWidth imageHeight 
camera matrix K [3x3]
radial distortion [3x1]
tangential distortion [2x1]
camera position t [3x1]
camera rotation R [3x3]
camera model m = K [R|-Rt] X

1.JPG 1290 920
1499.08088817320140151423 0 634.60923798098792758537
0 1499.08088817320140151423 528.54825552439331204369
0 0 1
-0.02294059329747500514 0.30597345316865082188 -0.93924254226215686536
0.00520049709077735189 0.00336664010594716701
-57.78429368374796837315 14.68031892510274971642 -63.88544898459056042839
-0.02517904305243968965 -0.99148215507882342390 -0.12778557019951594653
-0.69859119999557284242 0.10888569457324950851 -0.70718755702150670750
0.71507786364822467640 0.07146356888340420210 -0.69538234608216653587
2.JPG 1439 799
1490.33536152068086266809 0 734.82899729540292810270
0 1490.33536152068086266809 428.51334542690466378190
0 0 1
-0.00768529358040575660 0.02599071246295078449 -0.07856361294499543402
0.00296064238502490159 0.00469024719749319436
19.37888992964108325623 1.32987305842196334993 -33.25588363316803253156
0.43716351163337918706 -0.89550057312246944541 -0.08346728481088314111
-0.89810930614458839294 -0.42972537000468041812 -0.09346539782628819626
0.04783030747191788917 0.11582240677722596689 -0.99211765016830166797
3.JPG 1504 827
1490.38636052820697841526 0 678.90713401656967107556
0 1490.38636052820697841526 451.07332750765920081903
0 0 1
-0.00587178860012852345 -0.00369202320777080664 0.01688433882649158571
-0.00122374293335550518 -0.00612384569755128685
37.02638788976743455805 2.84142139402387616798 -36.21141514099841174357
-0.43129077731705234289 0.89864351675912568229 0.08017540263724097505
0.90170929007182321069 0.43231364132928346011 0.00502709844585456835
-0.03014335083266999477 0.07446304658961110101 -0.99676809393818965876
4.JPG 1139 722
1473.43967550162165025540 0 290.12271192075968428981
0 1473.43967550162165025540 365.15483603443811944089
0 0 1
-0.02242294688619385010 0.26554732823937088337 -0.66865980565276172953
0.00669259366623544977 -0.01051825042130786862
52.62952502773542562409 -33.94002204060402760888 -22.16894067600109963223
0.26229543453496784178 0.95778449451979563722 0.11768588309381801393
0.93728331990088520342 -0.22385051234781111473 -0.26719080515092075157
-0.22956716502515611689 0.18038794355244988643 -0.95643039818024966348
5.JPG 686 881
1429.15807860664335748879 0 96.41643835868833889435
0 1429.15807860664335748879 547.74972044692026429402
0 0 1
-0.01223885707058767168 0.44585616727646953938 -1.79839748091554918474
0.01582290118831733775 -0.00558559162596920008
41.14307382603947615962 -49.90802426587598006336 -32.28500483873119009104
0.74938431048322029504 0.65076242575017784198 0.12219419148769977701
0.63993432327273502835 -0.66443092435823702946 -0.38602539897515214529
-0.17002122543687042677 0.36747763467754457345 -0.91435932264768970956
6.JPG 646 889
1422.28365455147445572948 0 139.47126174007422605428
0 1422.28365455147445572948 578.57526491913540667156
0 0 1
0.00989599429661427304 0.26526110368947170004 -1.41959431365703547812
0.01651335412059765431 -0.00408686692884374213
29.07813212225109467113 -55.39855249653835045365 -35.19416863076429535795
0.91935394050647356590 0.38039329280314121418 0.10044538250015813685
0.38419399934203124491 -0.81301755738599046364 -0.43748991102846362944
-0.08475436829329052735 0.44079858685402040219 -0.89359571556868144793
7.JPG 715 901
1424.68947063417658682738 0 262.58852056009948228166
0 1424.68947063417658682738 560.65794264407736591238
0 0 1
0.07047391017667350988 -0.43633367452426996547 0.74741569180419942242
0.01366607622861084302 -0.00419343053452189262
23.15905331646919051991 -55.50631905327318804666 -38.11123514065770478965
0.98738985949733337755 0.14185275438284822291 0.07027845641329739934
0.15782744887394109523 -0.84752973502791228988 -0.50673843807773299996
-0.01231916165085616965 0.51144026466198011516 -0.85923052432900914877
8.JPG 772 932
1168.12031767998723807978 0 264.78615124541568093264
0 1168.12031767998723807978 501.12531639111278991550
0 0 1
-0.28432800471999458702 2.49241126479934704818 -6.38749935807448210312
-0.00774590885261212773 0.00394322761553939777
2.06522976527626500598 -37.65605193069819733864 -59.41865967996399433559
0.97067300729356620348 -0.23630381968898062084 0.04420879677238735012
-0.17264283848127581766 -0.81316076914305712720 -0.55584531467648423675
0.16729723020060022209 0.53191171102643464152 -0.83010937137231388672
9.JPG 939 844
1535.10444780620264282334 0 469.06460564649910338630
0 1535.10444780620264282334 486.99740226920653185516
0 0 1
0.08583307382051523493 -1.43457203131377220018 5.63633826081368916050
0.01254289330098378070 0.00027044793871111551
-13.91857482834726411625 -47.25356818654372403898 -28.75980954805013212194
0.78015000996884520390 -0.62417238196807545147 -0.04212836970391165697
-0.55102522196240988350 -0.65371567087438353649 -0.51867815301449848864
0.29620460277802485027 0.42786056051189569338 -0.85393101246620550793
10.JPG 1209 690
1487.62516608854343758139 0 592.96706102526172799116
0 1487.62516608854343758139 366.73530797068781339476
0 0 1
0.00899659950091182860 -0.21514218537795079533 0.74337925816628591669
0.00741769447238828372 0.00423050383975965942
-18.26222258555828759086 -22.23835717782429810541 -25.54153674327061551708
0.46681161400535281514 -0.88074393150876784109 -0.07985639698982338608
-0.80963444915407678515 -0.38929568030942546253 -0.43925042064339131498
0.35577939200112768114 0.26970168780135661546 -0.89480837268345192470
11.JPG 1309 673
1487.45924254780834417033 0 793.08336434334592013329
0 1487.45924254780834417033 330.29030556115077388313
0 0 1
0.00264835125885137367 -0.06348611876310795987 0.16697535987919306932
0.00550445378460326113 0.00684531969206956647
-26.77168129121771400492 -4.12211293827049196636 -25.06067223588878078999
0.09273100530845701517 -0.99002958165195753537 -0.10603012830574502778
-0.89722388031484989757 -0.03691201375981798677 -0.44003046693718711468
0.43172939354096201425 0.13593723071419708259 -0.89170107102016438194
13.JPG 1253 805
1485.01269168048338542576 0 731.48061331874475854420
0 1485.01269168048338542576 393.92318052329471811390
0 0 1
-0.00157865900180861516 0.02374644644454155379 -0.12373258522737654030
0.00377029329598834329 0.00553671567744789574
-38.89726936159480885635 15.59202142045768546552 -28.33846278831883225280
-0.16928699679265260536 -0.97798178609814323536 -0.12203908708774426073
-0.83776464885682710992 0.20801501429046306835 -0.50485656077299367883
0.51912648347269041427 0.01677438195654440412 -0.85453280467589687319
14.JPG 1038 889
1478.91380167059674022312 0 529.08893002041725139861
0 1478.91380167059674022312 483.24795613853967779505
0 0 1
0.01893834299137935398 -0.17923541946589663376 0.31096438962175065868
0.00485450552187706528 0.00348004208964194667
-40.76535310327511041351 42.57529457660703542388 -30.26578856589570065694
-0.44493100287266723614 -0.88630336651972529971 -0.12846301093514822522
-0.72100057529089678354 0.43958633943910924158 -0.53565102502349426494
0.53121989148837267525 -0.14570584296563282578 -0.83461082799874808380
15.JPG 862 1006
1578.80588845050056079344 0 347.22771159022494202873
0 1578.80588845050056079344 531.85989075190252606262
0 0 1
0.11705402831596163626 -1.75180346578865364648 7.38108089764531616339
0.00062181698384070950 -0.00730011337973197980
20.33989708790020500828 86.19021884542227951442 -12.94592503457983134751
-0.98958804620676599217 -0.12046188162634179075 -0.07876822887253957794
-0.06898325442232103311 0.87728297363202167869 -0.47499041546610482056
0.12632026525455403165 -0.46461114843533274366 -0.87645859647539559045
16.JPG 886 1016
1502.42757472518974282139 0 276.61877966861027289269
0 1502.42757472518974282139 553.59857820984746012982
0 0 1
-0.33195682912730661851 1.88779500937267230576 -5.92766596859620875648
0.01034473294170072666 0.00522424998748539145
23.90017175806872629096 127.28387506743301571532 -69.99534681690875004278
-0.98657694892284097943 -0.12082044131451318003 -0.10985601856368333584
0.02015249715694945876 0.57751162115722654011 -0.81613369265500324001
0.16204876029281189975 -0.80739256151448324239 -0.56732481956868796580
17.JPG 775 969
1532.97954994146948592970 0 477.66679331696707322408
0 1532.97954994146948592970 519.17416330608637053956
0 0 1
-0.11370702622395839620 -0.40686211025782376138 -4.17461906268410221088
0.01810153735437761494 0.01883081511174889214
39.37522185906920668685 123.08140620193462666521 -68.33419390330737996919
-0.96985308422159788311 0.24368887484012130562 0.00085282179251193490
0.14412936738765166900 0.57643281615196761969 -0.80433322318523381433
-0.19649865262207122374 -0.77996214058264878854 -0.59417786796164240304
22.JPG 1292 1033
1667.89652766505605541170 0 915.46238244353014579247
0 1667.89652766505605541170 562.64685568864035758452
0 0 1
-0.02594143861441415566 0.12295204851108727795 -0.24976191115224308237
0.00460937473242443389 0.00404141238519624500
-26.17868071456115686146 28.28848185142851789919 -89.26638150639512048201
-0.51474722519803262077 -0.84742666545648492882 -0.13001284868899912195
-0.69177209678555695582 0.50011563392071245460 -0.52089895259733232091
0.50644512067926938936 -0.17819202951138607416 -0.84365925607366720751
24.JPG 1472 867
1668.46359837906766188098 0 836.94394599939266754518
0 1668.46359837906766188098 452.16962993961345773641
0 0 1
-0.00969965059300213067 -0.01250600863741757260 0.08173538889025641629
0.00717547198071402919 0.00552974347810825627
-27.40268903775767483921 -22.85669726651534006123 -62.81060881301395681930
0.41729959355074475180 -0.90455673111183987345 -0.08739662134571250796
-0.73398479213670397847 -0.27877237805487553590 -0.61931598247233132781
0.53584267666398377461 0.32258809871706706218 -0.78026248431645428560
25.JPG 653 1016
1581.19512881128252956842 0 258.69188895553463680699
0 1581.19512881128252956842 645.18898215796514250542
0 0 1
0.02272232498953457094 0.39347900308249639245 -2.08386878922666207714
0.01580593583842240454 -0.00095633429893655529
14.70488747731994294554 -89.02247457806292629812 -56.92990688349712513627
0.99817668846928542248 0.00940256864133751612 0.05962290079689227390
0.04690797335550377783 -0.74248381716978339995 -0.66821959210776449289
0.03798605839213207991 0.66979800906238351477 -0.74157109330386983270
26.JPG 1151 718
1624.84236309086054461659 0 293.72036112429071863517
0 1624.84236309086054461659 342.52165063216233420462
0 0 1
0.01748754923099525224 -0.19716731920530444766 0.75949556184505129242
0.00392166772513266246 -0.01042674511596722482
57.51054124942152157018 -12.31926848249514883094 -30.72898036280910361029
-0.16714463092697698365 0.98092766773215323006 0.09921483271085485001
0.93673091241377470784 0.18938971344741398206 -0.29439214352418324738
-0.30756766748268832279 0.04373153459306783342 -0.95052074296219002392
27.JPG 866 879
1582.15117473825193883386 0 606.23585661445463301789
0 1582.15117473825193883386 464.12726217655512073179
0 0 1
0.06324713450555542738 -0.40765900799617721395 0.18111002297020703522
0.00362386746887454836 -0.00475714363422079668
50.72409826254664011458 86.19609449945106405266 -22.69460915265446132594
-0.84137960402259315273 0.54033470826604856896 0.01089793456708933357
0.44435381848956490014 0.70311981237240306353 -0.55513260888110282920
-0.30761996997679968979 -0.46223471580187586172 -0.83169046019479619947
28.JPG 754 988
1398.81940997443280139123 0 489.17215542842791364819
0 1398.81940997443280139123 544.32814899919662821048
0 0 1
1.21156162756053897844 -15.40590932545735469716 43.39363695381211982749
-0.03727233434675222834 0.00757535019538232383
23.86086641809498232192 131.31764525871631121845 -55.94554568592901233615
-0.99334944544105951980 0.08135011995532105689 -0.08148028734113688110
0.11482467950637278986 0.64771421071919355050 -0.75318098370091035587
-0.00849542336779819662 -0.75752786035608421500 -0.65274755347387924953
29.JPG 1433 921
1674.14070597877207546844 0 756.84462626821289177315
0 1674.14070597877207546844 486.72333468576152881724
0 0 1
-0.00670947863851734366 -0.00241265677329734239 0.02815203836581709959
0.00640642702856084479 0.00412933104264636992
-21.68882840212537033153 -16.73095434704790562819 -70.41407594586414120386
0.46973623550860665876 -0.87844861049197597858 -0.08761225813160847253
-0.71770726034634069190 -0.32221465448158198575 -0.61731191863065848491
0.51404684367901021247 0.35285373054855390107 -0.78182484441313049306
